5555555

5055155155 Ν. 5., 651111 ¹Hoc 5155555
- 155555555565

-ο-φα--ι--ι

Μ5111ι. ο.2,ι.1566. 19,5. Act. 0.14‚ v. 24. 132, ·
2,16. 19,1. 15 -c. 28. {so—1 . v
2, 22. 11,1ι. 15, 52566. «Α 149566. ’
“ 12, 1566. 25. 15 -q 17. 63.
Marc. 5, 55566. 55. {g} 'ffflv 1³3
12,1.Ι . 18, 6. 63, ι. 13256. =
ll,.g 42st . 17, 2-4. 6956, z.
12,]5. 17, 14 566. 8556.,5ι.
. , 18, 1-29,8. 63.
18, 2 115566.
ι 18, 7. · , 156. ,
18,11. 8256.-
18,12. 62, ιιι. 11916.
18,18. 62, ιιι. 83.
, 182156. 5656 69661
. ,n.
18, ’22, 158 566. ·
·18,23. , 6956135. “
19, 8. 19. 57566. “ ’
l, 19, 2956. ’ 64.
2, 3-4,31. 182566. 19, 22 5956.
4, 82-87 18556. 29, 1. 58,6.
6, 8-7, 69. 167 566, 29, 1-8. 5282566.
18556. 90, 2, .
7, 52. 171, y. 29, 4. 82. 883.
8, 1-49. 18656. 29, 8-28,31 52. · .
9, 1-31. 121-182. 29, 6566. · 196566. ’
9,19. 123, sq, k· ’ 29, 9. 51,5 .
9, 23. 124, k. 29, 7. 197, ι. ⁸
9, 23 566. 172 sqq. 29, 16. 51, ι. ⁸
9, 26. 12456 29, 31. 57 566. 1
9, 26 56. 129. 21, 19. 198.
9, 2756. 125. 21, 26. 119, o. ¹·
9, 39. 1255617156. 21, 27. 119. ’
9,31. 18656. 21, 38. 9956. ,
9, 32-11, 18. 18756. 22, 17 566. 81. 12656.
11,·19-21.188. 16856. ¹
. 11, 25-12, 28. 39-49. 23, 2.
11, 27. 49. 24, l.
11, 28. 4156 49, ο. 159. 24, 19.
11, 2956. 145 566. 24,11. -
12, 1. 47 56. 24, 27.
12, 29. 45. 25,11.
12, 25-14, 28. 18856. 27, 9.
14, 856. » 134. 28, 16.

 

